Linehaul,TLMD,NC,TFC,Total
20896,9314,11582,3635,24531
13432,4817,8615,12474,25906
22028,13750,8278,2614,24642
16910,7136,9774,7411,24321
19560,11643,7917,8439,27999
21939,13162,8777,10225,32164
2110,1102,1008,3418,5528
5526,1589,3937,12589,18115
22815,11383,11432,13518,36333
3384,1504,1880,11819,15203
11920,2878,9042,7684,19604
17882,7629,10253,13064,30946
11946,7601,4345,13815,25761
17483,9441,8042,6401,23884
16968,6759,10209,4344,21312
17257,14207,3050,4194,21451
20811,6353,14458,1992,22803
16993,5318,11675,7999,24992
14813,12319,2494,11703,26516
20746,7617,13129,10911,31657
10623,7980,2643,5126,15749
4495,3170,1325,13891,18386
15560,7045,8515,6666,22226
15171,14761,410,13364,28535
13232,5503,7729,1955,15187
19999,13847,6152,6726,26725
21399,14759,6640,3785,25184
24151,10260,13891,11349,35500
14394,2508,11886,172,14566
23905,9467,14438,10733,34638
14604,5493,9111,10901,25505
6146,1977,4169,13938,20084
20054,5076,14978,12968,33022
5714,4076,1638,14777,20491
15305,4715,10590,11596,26901
8521,2793,5728,1952,10473
13275,7014,6261,5779,19054
25729,14143,11586,8759,34488
8748,3578,5170,13304,22052
18150,4153,13997,7286,25436
11863,10255,1608,8698,20561
17966,7552,10414,207,18173
9624,3122,6502,9750,19374
12278,5547,6731,7010,19288
10266,7282,2984,14725,24991
23514,9435,14079,14032,37546
1888,944,944,4943,6831
5847,2652,3195,8803,14650
21300,9015,12285,12697,33997
13034,7071,5963,414,13448
17457,7375,10082,4066,21523
8613,6838,1775,1952,10565
8072,1062,7010,10219,18291
15716,5346,10370,11456,27172
23027,12889,10138,7744,30771
3622,2650,972,3786,7408
10371,4087,6284,13976,24347
21227,11754,9473,4668,25895
16167,2009,14158,7356,23523
13499,11433,2066,10960,24459
3804,711,3093,3403,7207
9449,7765,1684,6234,15683
22289,14842,7447,14773,37062
13356,3663,9693,13044,26400
17371,10169,7202,9567,26938
12864,3996,8868,13864,26728
17346,2465,14881,9177,26523
13227,2851,10376,11565,24792
16579,7099,9480,11118,27697
25837,12940,12897,3668,29505
15060,4288,10772,5934,20994
9191,4741,4450,12853,22044
4804,342,4462,2672,7476
19147,5772,13375,6086,25233
12391,9396,2995,9435,21826
20799,12079,8720,12726,33525
15479,14937,542,9669,25148
13305,5679,7626,9231,22536
16982,6996,9986,6778,23760
19768,14761,5007,14277,34045
19084,14058,5026,8783,27867
15980,1464,14516,8621,24601
18896,4454,14442,108,19004
18114,9811,8303,14460,32574
26112,12637,13475,1870,27982
16611,1870,14741,3786,20397
22702,13356,9346,5465,28167
6291,4052,2239,0,6291
26557,12801,13756,14117,40674
13699,5348,8351,11776,25475
12237,8669,3568,11971,24208
6729,4086,2643,9338,16067
14918,11118,3800,5072,19990
8197,737,7460,10114,18311
16888,8208,8680,6945,23833
5079,588,4491,7649,12728
16865,5338,11527,7496,24361
18770,3797,14973,9204,27974
13948,13732,216,8287,22235
15769,6222,9547,9758,25527
21724,13753,7971,5868,27592
11591,6829,4762,1799,13390
4446,2626,1820,10648,15094
17487,10975,6512,10109,27596
11770,11370,400,14317,26087
14563,13782,781,5165,19728
19702,14356,5346,2284,21986
20047,5612,14435,9095,29142
12086,7086,5000,3428,15514
23558,12872,10686,7433,30991
15366,1370,13996,7157,22523
24866,10823,14043,10984,35850
11173,8809,2364,8032,19205
18603,13274,5329,6462,25065
11917,2062,9855,14941,26858
12374,6526,5848,10104,22478
15475,11459,4016,14427,29902
5660,897,4763,7837,13497
7094,1169,5925,615,7709
5103,1319,3784,13775,18878
22357,8120,14237,7702,30059
18396,14055,4341,6851,25247
23183,13100,10083,3328,26511
8473,1812,6661,3762,12235
10273,7028,3245,3310,13583
10590,8577,2013,7142,17732
19107,6134,12973,13877,32984
12663,3744,8919,12473,25136
16873,2272,14601,12299,29172
16050,4198,11852,1557,17607
4961,4239,722,11107,16068
5626,4588,1038,10466,16092
15930,13672,2258,12727,28657
6350,5460,890,4262,10612
15265,3128,12137,431,15696
16961,10120,6841,10728,27689
17907,11935,5972,5124,23031
9004,5741,3263,8250,17254
12532,2553,9979,6173,18705
9121,6151,2970,8223,17344
11923,4157,7766,14825,26748
13432,4079,9353,7309,20741
10399,2149,8250,4354,14753
16685,5317,11368,532,17217
12623,10621,2002,5485,18108
13693,10207,3486,1584,15277
7901,6931,970,5703,13604
25653,13631,12022,7897,33550
17487,3373,14114,12034,29521
19814,9354,10460,11467,31281
14225,213,14012,9959,24184
22907,11989,10918,5692,28599
15938,13096,2842,8290,24228
15838,9870,5968,2888,18726
11884,9249,2635,14532,26416
19894,13545,6349,12190,32084
15656,1068,14588,5939,21595
23403,12892,10511,7404,30807
22892,14655,8237,14278,37170
9480,8916,564,3958,13438
13776,12908,868,10760,24536
13641,4344,9297,12616,26257
13841,7928,5913,9436,23277
22264,13897,8367,6120,28384
25462,11425,14037,7723,33185
26857,12279,14578,13696,40553
23598,9186,14412,753,24351
4088,1344,2744,9156,13244
20678,9906,10772,14230,34908
23566,9465,14101,13234,36800
3075,988,2087,7273,10348
16459,4174,12285,7547,24006
25517,13641,11876,7710,33227
9445,5981,3464,2321,11766
4987,3972,1015,12358,17345
14148,10406,3742,11393,25541
14448,3345,11103,3739,18187
9147,6283,2864,6581,15728
14415,3153,11262,10665,25080
17492,2856,14636,9367,26859
16361,13654,2707,721,17082
19059,12019,7040,6812,25871
11536,4333,7203,4880,16416
16755,2539,14216,3252,20007
9382,1402,7980,6563,15945
18155,7830,10325,7550,25705
3513,835,2678,12227,15740
16217,8238,7979,8876,25093
8200,6052,2148,13207,21407
12421,501,11920,7335,19756
15585,9832,5753,13275,28860
19906,13296,6610,5030,24936
23525,11726,11799,6728,30253
7848,2635,5213,3220,11068
14553,12562,1991,5769,20322
18732,5030,13702,7703,26435
23934,14449,9485,646,24580
11697,6792,4905,9408,21105
17607,8014,9593,7740,25347
10449,3196,7253,6904,17353
5476,2381,3095,4231,9707
8881,1228,7653,2304,11185
15529,3946,11583,12287,27816
15097,8953,6144,363,15460
22514,8743,13771,7222,29736
8065,7753,312,2597,10662
19675,12851,6824,12263,31938
8078,1859,6219,7775,15853
9817,5588,4229,2443,12260
26873,13825,13048,7133,34006
16859,8222,8637,8198,25057
14998,6900,8098,10805,25803
14087,11883,2204,10362,24449
7188,6415,773,14209,21397
26113,12782,13331,7436,33549
15165,13906,1259,8507,23672
12502,5200,7302,14370,26872
14706,13062,1644,11250,25956
3182,790,2392,10572,13754
6463,4064,2399,415,6878
8555,369,8186,4073,12628
23928,10467,13461,5196,29124
9765,8933,832,10697,20462
9815,6019,3796,643,10458
24491,11648,12843,11450,35941
16443,9380,7063,3735,20178
9425,1186,8239,3843,13268
20714,6586,14128,14825,35539
21046,7724,13322,10368,31414
8986,2934,6052,4854,13840
14075,4967,9108,14016,28091
17650,5959,11691,9368,27018
16985,11977,5008,614,17599
8760,8586,174,11735,20495
19089,13674,5415,8908,27997
15443,998,14445,10637,26080
17119,2545,14574,1257,18376
15842,5550,10292,2052,17894
12476,7441,5035,26,12502
17924,6985,10939,5743,23667
10143,4482,5661,6853,16996
12894,8444,4450,9955,22849
6524,5780,744,8132,14656
13556,7366,6190,13932,27488
16166,10073,6093,8867,25033
15405,11059,4346,1209,16614
13416,9381,4035,10912,24328
18716,12921,5795,4612,23328
10432,7259,3173,12985,23417
7756,1245,6511,6269,14025
9572,3160,6412,8440,18012
11599,1525,10074,9942,21541
23298,10590,12708,5270,28568
19462,12333,7129,2277,21739
13049,48,13001,8660,21709
15874,7276,8598,12000,27874
13703,6146,7557,14341,28044
13106,39,13067,9594,22700
4839,4277,562,1326,6165
21700,8918,12782,10355,32055
7762,2477,5285,13739,21501
16277,9911,6366,5934,22211
11857,6560,5297,365,12222
25775,10778,14997,10548,36323
7181,4112,3069,1103,8284
15209,12909,2300,11114,26323
19936,8396,11540,5682,25618
19995,5636,14359,1563,21558
20154,11228,8926,3525,23679
26624,14066,12558,5103,31727
20931,8218,12713,7186,28117
20558,7389,13169,12105,32663
20593,14478,6115,11551,32144
12794,5114,7680,9150,21944
11645,2193,9452,7881,19526
9860,1964,7896,6262,16122
7260,7019,241,10209,17469
13946,5192,8754,6975,20921
24278,11973,12305,4138,28416
17649,7817,9832,10756,28405
18189,9000,9189,15,18204
15585,2263,13322,5495,21080
9896,357,9539,4425,14321
7763,4928,2835,9583,17346
12789,8176,4613,7673,20462
19377,11181,8196,5009,24386
14280,1128,13152,5055,19335
14775,12220,2555,8786,23561
4003,1799,2204,14793,18796
10003,8986,1017,4211,14214
12391,7169,5222,815,13206
19771,12808,6963,14435,34206
2753,2197,556,13461,16214
9653,8702,951,8348,18001
8441,4123,4318,10996,19437
23048,12770,10278,8968,32016
11593,1464,10129,14692,26285
15824,8020,7804,13830,29654
26371,14648,11723,4363,30734
6721,6494,227,2778,9499
18204,6979,11225,1082,19286
16792,9824,6968,920,17712
9560,6751,2809,5438,14998
13366,11494,1872,4594,17960
17173,5878,11295,13819,30992
7912,6673,1239,873,8785
12481,10569,1912,6135,18616
6624,574,6050,5646,12270
20216,13470,6746,4474,24690
26807,14284,12523,7189,33996
14427,7732,6695,11888,26315
15991,1063,14928,4071,20062
4188,3385,803,3018,7206
19235,6167,13068,7458,26693
11701,1442,10259,1394,13095
23387,9544,13843,7395,30782
9666,327,9339,8914,18580
14206,13566,640,10089,24295
14820,1267,13553,121,14941
14399,1965,12434,8952,23351
11088,5909,5179,7627,18715
9429,2414,7015,12567,21996
21149,7636,13513,3907,25056
15388,4840,10548,12154,27542
19789,6586,13203,11646,31435
1446,291,1155,9156,10602
12902,10854,2048,2083,14985
13544,7409,6135,2458,16002
10641,4906,5735,14486,25127
11761,6441,5320,13015,24776
12189,12000,189,9783,21972
15302,5128,10174,1966,17268
20293,5890,14403,13803,34096
9386,5391,3995,9496,18882
28998,14374,14624,5325,34323
18378,5562,12816,5722,24100
18867,14953,3914,12222,31089
15132,1121,14011,7585,22717
13861,9416,4445,13330,27191
22000,14185,7815,8467,30467
7744,7694,50,13651,21395
18458,14996,3462,12198,30656
24132,13341,10791,8596,32728
10790,8877,1913,783,11573
17296,3493,13803,1854,19150
21422,7118,14304,8898,30320
14685,5091,9594,11411,26096
18441,5932,12509,6038,24479
13186,4584,8602,7901,21087
4208,838,3370,1882,6090
16528,2515,14013,3481,20009
27945,13361,14584,1664,29609
4959,3337,1622,7973,12932
4878,3388,1490,4938,9816
12798,9723,3075,7741,20539
13229,9089,4140,1040,14269
6509,213,6296,7378,13887
14157,1656,12501,13620,27777
12458,2875,9583,7242,19700
3512,2867,645,12985,16497
8080,1242,6838,7402,15482
6530,1064,5466,3855,10385
12112,8529,3583,12233,24345
25713,14287,11426,5944,31657
5911,1703,4208,12317,18228
12338,1139,11199,954,13292
7159,4020,3139,6357,13516
6181,725,5456,266,6447
8026,4846,3180,13009,21035
10953,8279,2674,14532,25485
19674,10618,9056,3506,23180
26871,14492,12379,1879,28750
15231,10293,4938,4065,19296
13600,9116,4484,14241,27841
21459,12791,8668,12197,33656
13074,4834,8240,12395,25469
17451,4669,12782,10853,28304
13770,4387,9383,5328,19098
12461,11625,836,7842,20303
14086,6312,7774,667,14753
16044,14455,1589,1348,17392
15573,8702,6871,6341,21914
22620,14585,8035,9654,32274
15891,6264,9627,13168,29059
15337,13932,1405,3733,19070
18297,7017,11280,1977,20274
7380,6824,556,13685,21065
3344,2414,930,6566,9910
13152,5582,7570,12877,26029
20702,11211,9491,6499,27201
10339,8111,2228,4782,15121
18587,8912,9675,2487,21074
5056,3326,1730,2705,7761
12203,3449,8754,6095,18298
17100,10887,6213,6178,23278
16980,13004,3976,5584,22564
7960,5523,2437,12149,20109
11054,2827,8227,1016,12070
9083,2002,7081,2144,11227
19628,6729,12899,14238,33866
20022,13475,6547,8185,28207
6963,1075,5888,14521,21484
13823,6733,7090,1337,15160
10159,6457,3702,13025,23184
7873,1898,5975,11422,19295
2625,1944,681,5310,7935
8731,1043,7688,1739,10470
22817,15000,7817,1548,24365
25241,11477,13764,284,25525
21545,12960,8585,6158,27703
24362,10714,13648,11310,35672
10734,4254,6480,931,11665
12185,1529,10656,10546,22731
23429,12457,10972,5707,29136
19338,12539,6799,11788,31126
13390,580,12810,5546,18936
13572,493,13079,3534,17106
12289,11209,1080,8846,21135
11765,9479,2286,6757,18522
13143,2385,10758,138,13281
21262,11999,9263,12564,33826
20159,5843,14316,6635,26794
25061,14003,11058,11516,36577
20783,7854,12929,872,21655
20967,9015,11952,6819,27786
10192,3664,6528,11672,21864
6980,5301,1679,5863,12843
26061,14922,11139,6615,32676
9972,392,9580,10840,20812
17276,14479,2797,12576,29852
14201,10836,3365,2839,17040
11312,8793,2519,10645,21957
13131,13062,69,9476,22607
20312,8956,11356,14283,34595
16762,8162,8600,4179,20941
6393,4229,2164,11509,17902
26333,14045,12288,4388,30721
23147,14795,8352,7890,31037
4539,1641,2898,10278,14817
9856,7889,1967,12147,22003
14668,13126,1542,14130,28798
19955,11825,8130,10556,30511
20344,14795,5549,6075,26419
10136,6730,3406,2958,13094
23715,13921,9794,13925,37640
12842,5806,7036,11373,24215
16589,3144,13445,11478,28067
17980,4925,13055,9757,27737
12237,8445,3792,6674,18911
23166,8967,14199,13592,36758
20997,11969,9028,10250,31247
19886,5609,14277,14779,34665
14468,9100,5368,11447,25915
9369,5296,4073,4856,14225
15087,7645,7442,14082,29169
24610,14283,10327,10188,34798
23642,13118,10524,955,24597
16482,2503,13979,5369,21851
21912,9270,12642,4735,26647
17293,6233,11060,12331,29624
21810,8691,13119,2105,23915
13988,953,13035,1755,15743
21842,12039,9803,6019,27861
6018,2583,3435,9366,15384
21487,11951,9536,9312,30799
24729,10746,13983,11713,36442
8486,5462,3024,3686,12172
19816,10227,9589,11023,30839
21982,11048,10934,12860,34842
12596,7233,5363,9416,22012
19648,4964,14684,13604,33252
12672,11995,677,2504,15176
9178,6645,2533,4020,13198
4833,1842,2991,5592,10425
28617,14129,14488,7337,35954
16734,14536,2198,5574,22308
13827,7153,6674,12402,26229
21944,7388,14556,9884,31828
17813,13513,4300,1087,18900
6231,4976,1255,3260,9491
2197,1915,282,2447,4644
17424,14453,2971,5065,22489
13824,1058,12766,12861,26685
1171,668,503,8610,9781
17740,8351,9389,1767,19507
18954,14776,4178,1435,20389
21769,7300,14469,14467,36236
28193,14907,13286,12318,40511
24229,13529,10700,3600,27829
14564,13962,602,3786,18350
20491,11675,8816,14881,35372
16089,9774,6315,14014,30103
18299,14800,3499,13970,32269
11080,7398,3682,2938,14018
11153,10176,977,11418,22571
10401,9212,1189,4514,14915
19229,9335,9894,11996,31225
17447,5839,11608,5772,23219
12270,1950,10320,8947,21217
20798,11313,9485,9354,30152
9963,5315,4648,5009,14972
22700,9328,13372,8188,30888
7898,3293,4605,5840,13738
18820,13246,5574,10175,28995
14995,7242,7753,11232,26227
15877,12794,3083,3412,19289
17453,6741,10712,13577,31030
17541,5293,12248,9679,27220
17768,8379,9389,14575,32343
21066,14354,6712,683,21749
11011,6324,4687,3967,14978
20863,7683,13180,4954,25817
5262,1032,4230,177,5439
20460,11186,9274,9413,29873
11847,10844,1003,2842,14689
11453,9373,2080,11316,22769
26938,12023,14915,5579,32517
12608,10604,2004,9359,21967
1906,1397,509,3307,5213
16925,9291,7634,8113,25038
11206,4146,7060,7989,19195
16394,11924,4470,13838,30232
17861,4249,13612,11507,29368
13449,8714,4735,12270,25719
17333,7648,9685,8091,25424
15149,2029,13120,1014,16163
21818,13094,8724,7240,29058
23008,13600,9408,9822,32830
14344,3999,10345,12834,27178
7936,1104,6832,1704,9640
13316,12137,1179,762,14078
14577,564,14013,1546,16123
23120,13423,9697,8472,31592
11206,2785,8421,2827,14033
14723,11448,3275,3311,18034
14469,1153,13316,10168,24637
27549,14312,13237,8044,35593
24326,10510,13816,5617,29943
23303,12343,10960,10102,33405
9174,3588,5586,12242,21416
17473,10490,6983,11447,28920
19143,6256,12887,14124,33267
20458,10096,10362,4920,25378
12223,1628,10595,12663,24886
9100,2395,6705,3011,12111
3932,3156,776,642,4574
6313,4824,1489,9098,15411
9066,404,8662,9971,19037
6652,2784,3868,1542,8194
13874,3825,10049,10451,24325
20133,9752,10381,4569,24702
13230,12750,480,8077,21307
16520,13284,3236,10955,27475
16953,7794,9159,2506,19459
5799,4286,1513,10734,16533
18392,4184,14208,3453,21845
12958,4125,8833,5377,18335
12628,11901,727,8446,21074
15475,10092,5383,2324,17799
16726,8880,7846,11310,28036
9480,6579,2901,4836,14316
17215,6429,10786,8459,25674
15415,3276,12139,14442,29857
12483,7330,5153,6884,19367
20073,6068,14005,14922,34995
22448,13456,8992,14077,36525
10306,570,9736,14618,24924
11786,1026,10760,3631,15417
13643,3912,9731,6306,19949
25351,10831,14520,2270,27621
13669,7904,5765,3557,17226
15585,8589,6996,5827,21412
7636,2391,5245,1848,9484
15229,7270,7959,10199,25428
10540,1346,9194,7110,17650
8486,8277,209,6298,14784
3280,1710,1570,8669,11949
15635,10408,5227,12018,27653
16307,13281,3026,6938,23245
2923,1541,1382,9151,12074
11957,686,11271,1221,13178
9868,2439,7429,6102,15970
8111,5190,2921,11349,19460
22368,8201,14167,6757,29125
14712,4171,10541,6522,21234
18020,14830,3190,3079,21099
21634,9090,12544,11996,33630
19821,7725,12096,10081,29902
22925,12748,10177,9890,32815
19816,6474,13342,377,20193
9653,2088,7565,11788,21441
16198,10768,5430,3543,19741
15423,11099,4324,13180,28603
13149,8821,4328,6580,19729
16447,11102,5345,13790,30237
21893,10205,11688,1001,22894
13178,6244,6934,13850,27028
17653,14883,2770,6410,24063
23047,10139,12908,10623,33670
20363,6113,14250,5738,26101
12739,9058,3681,5575,18314
28011,13844,14167,851,28862
14835,4244,10591,2060,16895
18443,14082,4361,10043,28486
20696,13871,6825,9603,30299
23533,9451,14082,1394,24927
27081,14586,12495,9773,36854
18931,5135,13796,10313,29244
24612,12153,12459,14526,39138
12305,5017,7288,6399,18704
7647,2927,4720,6432,14079
14804,384,14420,11603,26407
15314,2446,12868,2773,18087
2163,594,1569,7424,9587
25064,12002,13062,4796,29860
14187,7472,6715,1948,16135
24551,13441,11110,832,25383
11611,9762,1849,11368,22979
10814,6087,4727,12727,23541
20631,6511,14120,7750,28381
9582,5824,3758,14401,23983
18215,6000,12215,3212,21427
11847,4878,6969,6907,18754
19876,11850,8026,14951,34827
18555,10538,8017,9665,28220
13255,6720,6535,11551,24806
21321,11471,9850,6937,28258
11065,5868,5197,340,11405
15997,5149,10848,110,16107
26425,13063,13362,8537,34962
11836,6172,5664,8250,20086
7902,977,6925,7616,15518
12921,5590,7331,1553,14474
11387,11074,313,2581,13968
19907,11989,7918,4143,24050
2137,277,1860,3083,5220
5304,133,5171,4858,10162
17663,7206,10457,111,17774
18704,14568,4136,11505,30209
18174,6410,11764,5155,23329
14120,8184,5936,12383,26503
25837,14181,11656,3177,29014
12165,6187,5978,839,13004
8401,1254,7147,8896,17297
13423,7260,6163,3295,16718
20695,9591,11104,4212,24907
10795,3200,7595,5887,16682
10180,9682,498,14987,25167
23898,10703,13195,4213,28111
14643,4213,10430,14007,28650
11427,9151,2276,4427,15854
15966,10448,5518,12301,28267
24950,10246,14704,6440,31390
25304,11680,13624,5674,30978
6150,5412,738,10325,16475
5195,2572,2623,4134,9329
7332,2519,4813,256,7588
22690,13192,9498,246,22936
7013,3427,3586,13633,20646
8253,2490,5763,13473,21726
9660,495,9165,3763,13423
10641,7803,2838,11116,21757
18043,14282,3761,9688,27731
18840,4680,14160,8210,27050
13247,3276,9971,5671,18918
18094,13633,4461,12965,31059
21390,7584,13806,6122,27512
14177,1129,13048,7384,21561
26290,12451,13839,343,26633
13875,10122,3753,13056,26931
12265,9370,2895,6997,19262
18319,8821,9498,1707,20026
18047,14794,3253,3471,21518
4201,1242,2959,12530,16731
21300,14415,6885,13351,34651
15815,14236,1579,415,16230
12173,9767,2406,9157,21330
20909,7853,13056,5264,26173
20676,11816,8860,1085,21761
10467,6919,3548,1488,11955
24237,9377,14860,10782,35019
25392,13366,12026,12238,37630
21925,11033,10892,13664,35589
15540,2761,12779,10240,25780
16026,11329,4697,10616,26642
21525,10089,11436,9648,31173
14615,10737,3878,14718,29333
6458,3285,3173,3012,9470
18391,9040,9351,7829,26220
9461,6052,3409,3783,13244
14541,13276,1265,4333,18874
21918,14688,7230,7639,29557
15872,9453,6419,1801,17673
20139,14982,5157,12488,32627
18205,12519,5686,8842,27047
23164,13029,10135,13917,37081
9798,3612,6186,13072,22870
21293,10245,11048,2576,23869
21219,12146,9073,4516,25735
16437,3851,12586,12960,29397
12508,7752,4756,2171,14679
12665,2041,10624,12000,24665
11065,9751,1314,2445,13510
3993,2132,1861,14095,18088
10861,1102,9759,12744,23605
21660,7565,14095,11030,32690
16593,2664,13929,7754,24347
14184,10381,3803,11058,25242
16567,6558,10009,14271,30838
18985,9438,9547,9732,28717
21895,8873,13022,13849,35744
21088,14696,6392,3899,24987
18556,11298,7258,14609,33165
26356,12324,14032,7480,33836
19775,8494,11281,7591,27366
12219,10871,1348,4500,16719
5678,4040,1638,4870,10548
5645,2720,2925,7158,12803
8890,51,8839,10568,19458
21425,7940,13485,3582,25007
16468,14561,1907,12524,28992
22739,9668,13071,6263,29002
11825,9576,2249,8719,20544
12494,12240,254,12532,25026
7667,5389,2278,9005,16672
15637,11896,3741,2435,18072
14285,2792,11493,7029,21314
20558,9387,11171,13253,33811
10915,10812,103,7246,18161
21845,10684,11161,7275,29120
16385,7006,9379,5321,21706
4268,1750,2518,3967,8235
17991,14821,3170,6647,24638
15729,8163,7566,13907,29636
10986,4172,6814,6431,17417
17313,5648,11665,3115,20428
25327,11339,13988,7845,33172
18498,10378,8120,12928,31426
22201,14103,8098,1223,23424
17944,3770,14174,11946,29890
11695,3107,8588,9903,21598
24079,11051,13028,5075,29154
14741,4796,9945,12140,26881
25382,13884,11498,2570,27952
11238,8298,2940,10493,21731
24442,13356,11086,7934,32376
21852,14540,7312,8725,30577
8135,5987,2148,7772,15907
19299,7903,11396,2506,21805
9135,1325,7810,13006,22141
9960,9704,256,9993,19953
12875,10621,2254,1756,14631
8672,5751,2921,14439,23111
13279,6914,6365,2385,15664
17333,8067,9266,13073,30406
17304,10832,6472,1487,18791
23839,13433,10406,11645,35484
20667,12880,7787,13781,34448
18322,6178,12144,14310,32632
13513,10912,2601,7845,21358
27155,13437,13718,824,27979
17743,14672,3071,2946,20689
14992,7554,7438,184,15176
20461,9327,11134,5355,25816
10259,9293,966,10159,20418
17373,13615,3758,13337,30710
5503,3862,1641,9798,15301
24815,14571,10244,4660,29475
17689,13161,4528,11753,29442
12166,11719,447,5816,17982
17243,13078,4165,11147,28390
8900,2225,6675,11535,20435
14102,13349,753,13962,28064
20594,11582,9012,13468,34062
12307,5999,6308,5162,17469
21523,8666,12857,1427,22950
22048,10610,11438,5766,27814
20678,10361,10317,13783,34461
18272,5489,12783,11520,29792
5898,2142,3756,1717,7615
12514,12133,381,12547,25061
5537,2371,3166,1437,6974
14779,4761,10018,9201,23980
12539,8099,4440,4436,16975
5837,5486,351,9010,14847
26177,11216,14961,2368,28545
21196,9226,11970,3279,24475
12610,7499,5111,13810,26420
11266,455,10811,4910,16176
19500,5878,13622,334,19834
20828,10586,10242,1269,22097
9863,5602,4261,14228,24091
17776,13543,4233,11882,29658
16801,5835,10966,2141,18942
11897,10456,1441,5204,17101
19092,14857,4235,3432,22524
12010,759,11251,2283,14293
10796,3459,7337,4212,15008
8337,6857,1480,7944,16281
15550,7278,8272,11166,26716
15692,3116,12576,11329,27021
9600,815,8785,7493,17093
14721,14171,550,7432,22153
10042,1468,8574,7429,17471
15897,7182,8715,3879,19776
19403,5829,13574,6036,25439
8930,870,8060,2412,11342
7914,5020,2894,3114,11028
7825,6949,876,4669,12494
27004,13195,13809,7206,34210
9373,7644,1729,6625,15998
22840,8001,14839,917,23757
11712,7321,4391,10297,22009
20998,11466,9532,5001,25999
7084,5419,1665,2925,10009
4788,878,3910,12957,17745
13417,11897,1520,4607,18024
27411,13873,13538,102,27513
2074,1141,933,11390,13464
16041,1469,14572,1808,17849
17946,6828,11118,1425,19371
9807,6590,3217,11177,20984
18816,13217,5599,9606,28422
6505,3702,2803,1478,7983
18798,7344,11454,1987,20785
14488,13152,1336,12839,27327
9678,8404,1274,7648,17326
15816,1801,14015,13114,28930
9434,7346,2088,4268,13702
28589,14286,14303,10353,38942
19439,7372,12067,1543,20982
10481,3972,6509,383,10864
8819,4741,4078,12800,21619
23381,13050,10331,14028,37409
20684,14343,6341,6912,27596
16500,4948,11552,5558,22058
15610,8588,7022,2917,18527
17325,9800,7525,11396,28721
14436,12857,1579,13174,27610
22456,12223,10233,4023,26479
2105,677,1428,5783,7888
26042,14290,11752,12421,38463
21309,10905,10404,2865,24174
9431,5182,4249,10313,19744
5439,5015,424,11856,17295
18456,4497,13959,7516,25972
11588,1757,9831,493,12081
16785,9790,6995,836,17621
20683,10915,9768,4684,25367
28484,14781,13703,10822,39306
2504,2297,207,2279,4783
11037,1466,9571,9182,20219
20085,11433,8652,1527,21612
10714,4656,6058,4371,15085
21333,12338,8995,12544,33877
11613,7103,4510,1711,13324
19220,14234,4986,14128,33348
5516,2276,3240,8544,14060
15148,5929,9219,4039,19187
12855,527,12328,11062,23917
4143,3950,193,4692,8835
7509,5536,1973,262,7771
2760,2563,197,1061,3821
12721,7781,4940,10829,23550
7625,3413,4212,5406,13031
18673,8902,9771,14391,33064
17998,3661,14337,5208,23206
13777,6512,7265,3328,17105
16759,14319,2440,5616,22375
21668,8776,12892,2150,23818
14147,8137,6010,7365,21512
27453,13520,13933,458,27911
14065,5173,8892,7913,21978
15732,4824,10908,11791,27523
14364,9823,4541,3690,18054
13543,11423,2120,8983,22526
7996,803,7193,10810,18806
1802,200,1602,4330,6132
15287,2881,12406,14847,30134
15417,14223,1194,6340,21757
8731,3663,5068,14210,22941
16696,9638,7058,257,16953
25776,11984,13792,4909,30685
22853,13462,9391,2975,25828
4652,2566,2086,9703,14355
12116,10284,1832,1196,13312
15640,12405,3235,11881,27521
14400,13158,1242,10140,24540
14472,2708,11764,12078,26550
18195,9914,8281,4167,22362
16153,9085,7068,4674,20827
17522,12779,4743,2086,19608
20887,13933,6954,6991,27878
19092,12347,6745,6886,25978
25011,13001,12010,11280,36291
24683,14226,10457,2381,27064
9874,9362,512,14871,24745
23350,14960,8390,6482,29832
16907,13195,3712,13092,29999
14789,10368,4421,5590,20379
14360,8927,5433,14169,28529
7941,4868,3073,10339,18280
11219,9624,1595,11344,22563
7966,1249,6717,2820,10786
15429,7145,8284,11480,26909
3666,16,3650,13414,17080
18563,8344,10219,11070,29633
15024,13342,1682,1382,16406
21582,7075,14507,7607,29189
6423,3129,3294,12689,19112
12090,5169,6921,4828,16918
11110,3592,7518,7395,18505
9296,8729,567,1178,10474
5471,141,5330,9336,14807
8298,6780,1518,11222,19520
9996,6093,3903,14411,24407
4868,4491,377,6454,11322
3755,902,2853,14460,18215
22035,12459,9576,11764,33799
20800,9883,10917,9588,30388
13820,1514,12306,10836,24656
13842,9888,3954,11260,25102
11330,7735,3595,2512,13842
20401,11733,8668,12578,32979
17172,5909,11263,3695,20867
11055,6118,4937,11559,22614
14423,7895,6528,1414,15837
20690,8556,12134,1498,22188
13502,11349,2153,3066,16568
6715,5962,753,9633,16348
11853,2128,9725,8110,19963
6871,4635,2236,8638,15509
15974,14611,1363,14325,30299
25712,13062,12650,1141,26853
18392,10737,7655,6096,24488
16966,13354,3612,1875,18841
15309,4588,10721,8104,23413
22571,11549,11022,8419,30990
13820,12409,1411,7225,21045
18022,5230,12792,664,18686
18324,13555,4769,7880,26204
12391,10854,1537,6978,19369
12613,1328,11285,7985,20598
10851,8829,2022,14670,25521
9114,2837,6277,6056,15170
12637,12389,248,2416,15053
15345,6544,8801,1691,17036
25285,12140,13145,5504,30789
22302,13287,9015,11073,33375
15376,4956,10420,10602,25978
26239,13713,12526,5475,31714
13648,2070,11578,5389,19037
10802,8388,2414,953,11755
21065,13530,7535,2068,23133
19882,12159,7723,14823,34705
11164,317,10847,7885,19049
13307,9543,3764,4057,17364
4358,4040,318,9708,14066
23485,11527,11958,14166,37651
14269,10403,3866,8585,22854
14429,6635,7794,9682,24111
12178,7450,4728,7167,19345
6615,199,6416,10192,16807
17948,10571,7377,9770,27718
19558,8902,10656,4791,24349
10100,5819,4281,13419,23519
13912,2453,11459,8620,22532
8372,8061,311,3724,12096
9776,7643,2133,13184,22960
20633,13220,7413,1734,22367
15115,9774,5341,8113,23228
9554,6066,3488,13218,22772
16704,2630,14074,13246,29950
21379,8204,13175,8117,29496
3902,1282,2620,12439,16341
21117,12873,8244,2773,23890
16711,14680,2031,7222,23933
15247,6135,9112,14156,29403
15365,9453,5912,2761,18126
11782,1750,10032,2463,14245
10064,1710,8354,14774,24838
14292,3253,11039,11582,25874
2794,189,2605,14453,17247
15844,5584,10260,2033,17877
12291,4313,7978,4375,16666
8935,6330,2605,11118,20053
20957,14241,6716,3194,24151
11323,10606,717,7523,18846
9906,363,9543,5240,15146
11726,8696,3030,11338,23064
16803,13579,3224,14132,30935
9065,7911,1154,8011,17076
28034,13200,14834,14169,42203
17668,5018,12650,11013,28681
19110,8388,10722,12277,31387
19242,10034,9208,13275,32517
21089,10635,10454,8734,29823
23227,12059,11168,1271,24498
13056,3839,9217,7973,21029
3614,2081,1533,2046,5660
16545,6996,9549,1611,18156
13120,3074,10046,5342,18462
9269,2312,6957,9606,18875
24328,11952,12376,4211,28539
21778,7638,14140,6712,28490
19678,9981,9697,445,20123
12846,11738,1108,7939,20785
19648,10462,9186,1328,20976
12641,7988,4653,1600,14241
19934,9771,10163,8237,28171
12760,10454,2306,300,13060
20879,11752,9127,10711,31590
7009,3293,3716,6944,13953
23447,9491,13956,5871,29318
14444,77,14367,12543,26987
12831,12147,684,14046,26877
6550,3691,2859,14180,20730
9158,1554,7604,4801,13959
27230,13820,13410,5662,32892
16674,2036,14638,3640,20314
11196,5618,5578,13879,25075
27349,14207,13142,4497,31846
16499,8892,7607,13699,30198
9379,5991,3388,10528,19907
6455,4138,2317,3007,9462
13119,12350,769,11047,24166
8585,3104,5481,8396,16981
10572,113,10459,2471,13043
9063,2108,6955,7131,16194
16323,1395,14928,14225,30548
10551,7593,2958,2320,12871
7610,5362,2248,6424,14034
11467,2604,8863,12956,24423
3435,381,3054,9001,12436
9195,6750,2445,660,9855
19774,13501,6273,2297,22071
16890,5641,11249,5626,22516
18559,3798,14761,2067,20626
10656,9860,796,8657,19313
24322,12136,12186,6969,31291
13190,12216,974,14712,27902
4193,3942,251,4132,8325
16175,4834,11341,8481,24656
17573,9834,7739,608,18181
8426,255,8171,6991,15417
14840,12302,2538,4108,18948
25114,11380,13734,1043,26157
8932,168,8764,7882,16814
3704,2021,1683,9363,13067
9790,7961,1829,6536,16326
15979,12834,3145,494,16473
18433,10028,8405,7981,26414
19934,8458,11476,10050,29984
9216,7330,1886,10683,19899
8605,8383,222,2236,10841
8227,1026,7201,4412,12639
15569,4884,10685,3750,19319
13202,416,12786,4377,17579
13291,9918,3373,13497,26788
6074,717,5357,14462,20536
8191,2856,5335,1047,9238
19057,7879,11178,6163,25220
15351,3880,11471,2266,17617
17021,10110,6911,14153,31174
1968,1142,826,13497,15465
12578,5959,6619,11048,23626
12338,6832,5506,13561,25899
20969,6155,14814,3777,24746
14859,6549,8310,12601,27460
20675,7260,13415,13200,33875
12909,2606,10303,7879,20788
14798,3324,11474,4682,19480
5838,5624,214,9825,15663
20259,12701,7558,4297,24556
17693,13064,4629,11198,28891
15676,6270,9406,3254,18930
16612,2193,14419,7043,23655
8284,5248,3036,6808,15092
15498,14156,1342,10847,26345
19705,12756,6949,5236,24941
9279,4733,4546,7217,16496
8206,3738,4468,8201,16407
19827,14976,4851,5549,25376
7783,6701,1082,7037,14820
15603,6029,9574,3709,19312
15739,13976,1763,4404,20143
5168,493,4675,6032,11200
16862,9230,7632,7675,24537
15833,11319,4514,12290,28123
22553,14092,8461,13800,36353
20683,7422,13261,1159,21842
14387,3012,11375,8888,23275
11461,810,10651,12639,24100
13351,5482,7869,4249,17600
17794,6686,11108,13507,31301
20203,11431,8772,7131,27334
20025,8688,11337,2752,22777
12766,3519,9247,4997,17763
15864,8344,7520,1354,17218
20100,7807,12293,11174,31274
10741,1718,9023,13771,24512
17768,6577,11191,3480,21248
17420,2668,14752,11098,28518
12245,8381,3864,4189,16434
17912,13481,4431,12476,30388
24313,11834,12479,226,24539
11706,3048,8658,11580,23286
13900,2727,11173,4680,18580
13416,9076,4340,5342,18758
21495,9833,11662,8073,29568
14751,3932,10819,14001,28752
12757,651,12106,12310,25067
7365,1545,5820,6196,13561
11013,4709,6304,4151,15164
16519,10703,5816,8450,24969
27068,12301,14767,13767,40835
9217,4139,5078,37,9254
13343,462,12881,10814,24157
25179,10496,14683,8739,33918
3453,708,2745,703,4156
18836,7701,11135,10712,29548
13764,5072,8692,5199,18963
4887,1194,3693,8432,13319
16627,5358,11269,595,17222
19574,14133,5441,8976,28550
8856,7537,1319,12522,21378
16433,9119,7314,9382,25815
16892,4163,12729,12130,29022
18569,11495,7074,13189,31758
11878,8782,3096,13102,24980
10456,8850,1606,7008,17464
1147,699,448,2503,3650
16794,10678,6116,11270,28064
19887,6741,13146,6146,26033
13992,8722,5270,8168,22160
18031,3775,14256,4962,22993
14801,5376,9425,810,15611
12937,1269,11668,9279,22216
23916,14387,9529,4562,28478
5043,4818,225,2840,7883
14882,12495,2387,14752,29634
10189,2739,7450,11445,21634
2416,1981,435,1950,4366
4637,1210,3427,10370,15007
15894,11556,4338,1435,17329
13934,840,13094,3462,17396
26429,13404,13025,7658,34087
14254,10703,3551,9217,23471
21964,11382,10582,12587,34551
9294,2870,6424,478,9772
19254,12364,6890,8975,28229
5792,26,5766,5510,11302
14651,4993,9658,12221,26872
8464,3067,5397,1155,9619
13524,8339,5185,14662,28186
7248,3007,4241,3479,10727
15563,12121,3442,12787,28350
8778,5489,3289,3438,12216
6668,1994,4674,9266,15934
16783,3586,13197,3256,20039
14717,6375,8342,13107,27824
20722,10043,10679,9091,29813
4936,4459,477,13772,18708
14529,2081,12448,8791,23320
9094,6790,2304,6540,15634
3660,2368,1292,5862,9522
13273,9634,3639,6688,19961
10449,7478,2971,3958,14407
9984,7434,2550,424,10408
10540,1580,8960,9766,20306
8934,1696,7238,6544,15478
15330,10181,5149,11920,27250
17332,8549,8783,9568,26900
10564,9662,902,13887,24451
17090,8468,8622,4425,21515
9232,2607,6625,8697,17929
16138,13472,2666,241,16379
13325,9379,3946,9130,22455
14267,8842,5425,10253,24520
19048,13452,5596,1991,21039
15212,8094,7118,5313,20525
20105,8231,11874,1920,22025
26767,13682,13085,9446,36213
11260,2452,8808,4248,15508
9032,69,8963,1898,10930
16069,2217,13852,10886,26955
11946,4112,7834,3799,15745
20401,11710,8691,5022,25423
15068,368,14700,2898,17966
10893,10460,433,5563,16456
15999,3306,12693,1325,17324
14297,8081,6216,13452,27749
13659,3114,10545,2510,16169
20463,8510,11953,4715,25178
22310,8811,13499,11080,33390
21003,7941,13062,7910,28913
23619,8707,14912,12113,35732
25175,12288,12887,14751,39926
14321,11890,2431,7068,21389
14938,12309,2629,11160,26098
22347,14326,8021,4297,26644
12797,6427,6370,1767,14564
18985,5277,13708,6599,25584
9383,37,9346,10000,19383
17822,5072,12750,568,18390
18229,7856,10373,9109,27338
19951,5599,14352,4700,24651
2912,2517,395,1984,4896
19753,12417,7336,12132,31885
15870,3282,12588,4728,20598
19659,6064,13595,4357,24016
18145,13400,4745,10328,28473
7779,6596,1183,12722,20501
9694,3600,6094,14772,24466
10089,2728,7361,3705,13794
13937,1006,12931,14042,27979
13872,9234,4638,6789,20661
13993,6859,7134,2722,16715
10914,6984,3930,5880,16794
18713,5669,13044,3520,22233
22331,9216,13115,9061,31392
6558,5312,1246,8150,14708
16934,9264,7670,1693,18627
3894,2072,1822,13594,17488
6486,2990,3496,12193,18679
14827,11314,3513,1206,16033
15417,1347,14070,7387,22804
16947,11406,5541,10043,26990
14705,8571,6134,8970,23675
14450,3534,10916,8873,23323
2588,1789,799,941,3529
16467,14819,1648,4067,20534
13095,10629,2466,12318,25413
11214,4629,6585,9611,20825
17585,6067,11518,14353,31938
24593,11658,12935,12799,37392
23590,14424,9166,3381,26971
1774,474,1300,4056,5830
16415,3472,12943,9396,25811
18938,10940,7998,2981,21919
17987,3977,14010,10919,28906
11100,8655,2445,13890,24990
19515,12218,7297,3457,22972
21771,10571,11200,6299,28070
11512,4025,7487,9637,21149
21525,12371,9154,12117,33642
8646,5463,3183,10542,19188
11204,2467,8737,9209,20413
6653,5952,701,1666,8319
8932,3330,5602,10606,19538
23866,9432,14434,8690,32556
13640,3933,9707,13651,27291
11198,5962,5236,14842,26040
17129,2601,14528,12667,29796
8011,698,7313,9958,17969
10268,8848,1420,6647,16915
5020,4123,897,11132,16152
11219,408,10811,13803,25022
9053,4323,4730,5279,14332
2982,1457,1525,1812,4794
23040,10550,12490,13725,36765
27350,12830,14520,14202,41552
10186,4701,5485,13582,23768
13325,8650,4675,11309,24634
23422,13090,10332,3504,26926
19238,10415,8823,4486,23724
15431,584,14847,3212,18643
18758,10008,8750,7646,26404
515,434,81,3117,3632
25732,14900,10832,9590,35322
24080,13959,10121,13608,37688
11434,4313,7121,958,12392
15730,3428,12302,201,15931
17189,9716,7473,5212,22401
3310,1923,1387,15,3325
5577,5552,25,3065,8642
14699,4158,10541,1154,15853
18853,5466,13387,5970,24823
17127,8521,8606,13582,30709
21132,8033,13099,13207,34339
21408,12920,8488,6281,27689
22190,12604,9586,12055,34245
8858,3987,4871,5296,14154
9112,7673,1439,3233,12345
24704,14797,9907,3522,28226
15030,263,14767,14875,29905
24521,14457,10064,12692,37213
19151,6062,13089,4579,23730
17796,14191,3605,14108,31904
9004,2319,6685,11636,20640
17751,3192,14559,11961,29712
12104,4368,7736,4370,16474
16695,14777,1918,332,17027
19014,14526,4488,12122,31136
14499,12822,1677,4747,19246
17383,7493,9890,12665,30048
25040,11708,13332,9431,34471
10088,5585,4503,12872,22960
14643,11004,3639,12527,27170
15582,10466,5116,1721,17303
14949,7769,7180,5261,20210
15290,9856,5434,4237,19527
22356,11017,11339,1100,23456
18878,9627,9251,1885,20763
16810,7064,9746,12222,29032
18910,5636,13274,6294,25204
8984,1679,7305,262,9246
18933,6973,11960,12708,31641
13247,8791,4456,1393,14640
28132,13757,14375,4357,32489
15860,8230,7630,3218,19078
14948,10164,4784,171,15119
11963,2401,9562,13232,25195
20944,12222,8722,8919,29863
7932,975,6957,1084,9016
16116,4334,11782,1653,17769
18375,6521,11854,197,18572
23455,14124,9331,10603,34058
19105,8278,10827,10765,29870
24099,13967,10132,4787,28886
5454,4922,532,3244,8698
21578,13550,8028,3187,24765
15813,10244,5569,733,16546
15512,4085,11427,2267,17779
14467,4644,9823,1988,16455
15051,5218,9833,3870,18921
12914,782,12132,8927,21841
8604,3305,5299,14202,22806
10470,2208,8262,11597,22067
1837,1385,452,8483,10320
15587,14929,658,13110,28697
13563,5694,7869,8285,21848
6229,5837,392,13858,20087
9890,680,9210,427,10317
1197,558,639,7589,8786
13828,3209,10619,14177,28005
3619,1101,2518,627,4246
17382,3889,13493,9307,26689
26119,13619,12500,6612,32731
15776,1320,14456,9928,25704
19249,12282,6967,13094,32343
13253,3867,9386,13523,26776
21892,12671,9221,11189,33081
6181,4954,1227,14412,20593
21563,13310,8253,5498,27061
14295,2310,11985,13569,27864
9239,6597,2642,9163,18402
13932,3983,9949,12493,26425
18250,7747,10503,14895,33145
12061,2218,9843,5836,17897
12491,2221,10270,12965,25456
21561,11502,10059,13664,35225
13748,5090,8658,1723,15471
15009,10328,4681,8668,23677
17609,7110,10499,13854,31463
11141,5897,5244,11797,22938
23751,13985,9766,5487,29238
15427,10490,4937,95,15522
3796,1524,2272,12180,15976
3832,1963,1869,10225,14057
14964,13536,1428,4139,19103
27953,14902,13051,10177,38130
19445,11580,7865,2605,22050
21863,8154,13709,13655,35518
12381,5861,6520,14755,27136
14990,9452,5538,7023,22013
18084,13259,4825,14427,32511
18562,4956,13606,13406,31968
7904,1581,6323,2881,10785
22812,13362,9450,4107,26919
9127,7800,1327,12840,21967
10167,141,10026,7634,17801
13617,2610,11007,3026,16643
9997,7864,2133,1804,11801
25137,11554,13583,12107,37244
18377,14027,4350,8939,27316
21830,9932,11898,1922,23752
8789,5997,2792,11667,20456
19345,7202,12143,8253,27598
21903,11555,10348,2335,24238
24680,14773,9907,8394,33074
13360,10720,2640,11554,24914
22362,12117,10245,14871,37233
12623,3845,8778,5491,18114
12458,9621,2837,9095,21553
13016,2937,10079,2409,15425
26018,13330,12688,7873,33891
14750,4149,10601,1568,16318
7487,2819,4668,29,7516
13885,13270,615,9794,23679
20553,8745,11808,14891,35444
6540,4539,2001,12243,18783
7215,5400,1815,11572,18787
24453,10919,13534,8630,33083
5998,1781,4217,13290,19288
15813,6424,9389,6313,22126
3722,3201,521,1413,5135
6196,39,6157,2997,9193
26247,13589,12658,1291,27538
19090,9691,9399,9178,28268
19380,14652,4728,1584,20964
15424,10333,5091,3554,18978
13318,7419,5899,7529,20847
18920,10262,8658,11620,30540
11577,4129,7448,3932,15509
20527,11485,9042,319,20846
4952,3229,1723,10992,15944
21247,14682,6565,4182,25429
19144,9589,9555,10427,29571
5288,5270,18,10389,15677
14669,12490,2179,4821,19490
18595,14148,4447,13452,32047
11541,7077,4464,10328,21869
8391,3225,5166,3615,12006
10590,6523,4067,3173,13763
18622,7849,10773,2181,20803
7022,679,6343,3826,10848
24522,11083,13439,12290,36812
25827,12129,13698,10142,35969
22627,9382,13245,1221,23848
15039,4699,10340,1049,16088
15036,10770,4266,5835,20871
9450,3115,6335,14261,23711
8076,41,8035,8014,16090
26211,14636,11575,3937,30148
16776,11800,4976,280,17056
11204,7080,4124,13572,24776
10907,8490,2417,13969,24876
78,14,64,12045,12123
17180,14523,2657,1828,19008
2157,338,1819,13698,15855
24147,14309,9838,3701,27848
10815,77,10738,3945,14760
16118,11759,4359,5300,21418
18883,9741,9142,14230,33113
28863,14918,13945,9218,38081
10043,7258,2785,11087,21130
21977,7395,14582,8222,30199
10158,4809,5349,8150,18308
18568,5344,13224,3718,22286
9585,9016,569,965,10550
20221,14281,5940,7350,27571
11699,8945,2754,420,12119
2798,1984,814,6812,9610
11636,4225,7411,10249,21885
4724,4356,368,12086,16810
12621,9591,3030,2644,15265
22336,10239,12097,5169,27505
14015,5364,8651,13927,27942
22619,9706,12913,8807,31426
7754,6798,956,4587,12341
3054,1514,1540,14221,17275
24669,14393,10276,8605,33274
13902,4509,9393,6050,19952
18137,6756,11381,8726,26863
13807,13779,28,2912,16719
9491,9125,366,12337,21828
7240,4802,2438,5553,12793
9102,136,8966,3643,12745
28316,13477,14839,6029,34345
7041,5436,1605,11838,18879
14528,14382,146,6353,20881
17910,13955,3955,12290,30200
26777,13895,12882,262,27039
18038,10808,7230,8406,26444
17715,11900,5815,6914,24629
15257,10518,4739,5985,21242
18492,8421,10071,9231,27723
14669,1001,13668,4370,19039
5379,5251,128,9630,15009
21420,9799,11621,10573,31993
19006,10310,8696,5127,24133
11530,2636,8894,5311,16841
12455,5590,6865,4111,16566
14734,7473,7261,5777,20511
17446,8353,9093,8553,25999
20264,14755,5509,9879,30143
13527,7636,5891,4305,17832
12988,11808,1180,6002,18990
7729,995,6734,11385,19114
19561,11807,7754,4433,23994
26249,13927,12322,3668,29917
10430,2186,8244,3206,13636
20781,7542,13239,3665,24446
17629,13256,4373,13483,31112
16390,5731,10659,8458,24848
9698,8731,967,9067,18765
17259,6437,10822,466,17725
19880,5949,13931,4297,24177
11017,8078,2939,4507,15524
15897,7585,8312,5243,21140
23252,10929,12323,5589,28841
20900,9805,11095,8059,28959
845,714,131,11668,12513
13725,1796,11929,605,14330
19752,11329,8423,10274,30026
8189,5354,2835,10920,19109
25460,12529,12931,4113,29573
12093,1438,10655,10635,22728
18645,12134,6511,13872,32517
15946,13604,2342,1693,17639
16704,7717,8987,7783,24487
16651,14132,2519,9653,26304
15113,11224,3889,4596,19709
15312,8419,6893,2361,17673
15028,906,14122,5416,20444
10974,7188,3786,9662,20636
6359,2274,4085,14396,20755
11765,4591,7174,7574,19339
13410,322,13088,9190,22600
9174,2607,6567,13317,22491
8324,3186,5138,12803,21127
10619,5803,4816,10836,21455
13096,12829,267,7323,20419
9529,6946,2583,13868,23397
23094,10272,12822,11526,34620
3780,2197,1583,3420,7200
9032,6984,2048,9321,18353
15362,4081,11281,13236,28598
1249,1023,226,14955,16204
8224,151,8073,14166,22390
21805,9820,11985,7186,28991
8070,7259,811,14402,22472
25600,11201,14399,8504,34104
27017,13562,13455,10414,37431
12158,12090,68,4423,16581
9432,923,8509,4054,13486
19232,12497,6735,2542,21774
15607,5506,10101,7584,23191
9250,2799,6451,11354,20604
19531,11262,8269,6507,26038
24732,13651,11081,3816,28548
22617,14073,8544,13930,36547
17057,4763,12294,9696,26753
10263,1675,8588,11750,22013
12358,823,11535,9324,21682
11254,1101,10153,2350,13604
13238,6855,6383,9447,22685
10270,5893,4377,13320,23590
17303,8492,8811,11161,28464
14761,9107,5654,9442,24203
13861,10864,2997,14980,28841
18043,14808,3235,4838,22881
4779,170,4609,4838,9617
22440,10117,12323,9041,31481
18925,11571,7354,10659,29584
8353,5308,3045,5622,13975
6871,3049,3822,895,7766
12640,3944,8696,6531,19171
8440,6619,1821,8729,17169
7154,4962,2192,7252,14406
5582,3916,1666,13179,18761
12947,6103,6844,9825,22772
16166,5028,11138,2246,18412
19718,9700,10018,4226,23944
19089,11078,8011,7621,26710
13745,5563,8182,4770,18515
18765,9337,9428,2114,20879
12348,8772,3576,5930,18278
11439,5561,5878,11790,23229
14722,7293,7429,1605,16327
14888,13099,1789,11760,26648
13539,11380,2159,8963,22502
17028,14787,2241,4292,21320
15061,8317,6744,8513,23574
13329,1482,11847,20,13349
15345,1656,13689,6914,22259
4047,721,3326,11985,16032
11876,7774,4102,4272,16148
12894,3060,9834,11547,24441
11382,7138,4244,12801,24183
20552,7728,12824,5259,25811
14945,12406,2539,1690,16635
21860,14356,7504,10024,31884
1786,878,908,7464,9250
13250,2917,10333,150,13400
9332,5856,3476,186,9518
16407,9608,6799,9149,25556
13509,8365,5144,1391,14900
14542,10599,3943,5448,19990
22139,13103,9036,4473,26612
17528,6899,10629,13457,30985
13557,9997,3560,9099,22656
12814,5734,7080,11808,24622
17915,13324,4591,3835,21750
3768,2482,1286,13767,17535
18479,3783,14696,13415,31894
17156,4523,12633,7059,24215
18754,5186,13568,1131,19885
21833,8299,13534,6167,28000
23088,10855,12233,9075,32163
4384,2310,2074,14061,18445
23450,10541,12909,13296,36746
16106,8126,7980,13894,30000
16699,1789,14910,1170,17869
16824,14437,2387,6710,23534
18278,14639,3639,639,18917
5773,4945,828,2557,8330
17752,11915,5837,1708,19460
25405,14705,10700,12778,38183
14044,1343,12701,3337,17381
13770,24,13746,13418,27188
12826,7665,5161,9664,22490
13369,13183,186,9130,22499
13918,13833,85,7511,21429
18012,11348,6664,14309,32321
8787,6625,2162,14562,23349
10040,9204,836,6937,16977
14392,13104,1288,9943,24335
17882,11395,6487,11957,29839
26342,14812,11530,587,26929
27757,13040,14717,4696,32453
16885,3092,13793,3645,20530
24077,12036,12041,14626,38703
18412,13977,4435,13028,31440
6092,1620,4472,11214,17306
3243,763,2480,5786,9029
6275,649,5626,3526,9801
28015,13401,14614,4696,32711
8833,8008,825,7687,16520
9202,4047,5155,1689,10891
13091,1821,11270,9694,22785
12389,10858,1531,13306,25695
19649,11736,7913,5081,24730
4621,2516,2105,10069,14690
12733,11394,1339,14334,27067
6316,2186,4130,11860,18176
15982,6527,9455,2494,18476
15359,11135,4224,6744,22103
11036,7560,3476,6190,17226
14110,6650,7460,8696,22806
15993,9150,6843,14591,30584
21397,8938,12459,880,22277
15348,10297,5051,12482,27830
28191,13881,14310,6487,34678
11832,5896,5936,13421,25253
14803,2350,12453,13112,27915
4920,2279,2641,12880,17800
22266,14398,7868,12279,34545
9393,6872,2521,269,9662
5331,413,4918,10954,16285
8928,6818,2110,8675,17603
11047,1850,9197,14992,26039
16090,3943,12147,10165,26255
11869,5015,6854,12908,24777
7587,7217,370,12434,20021
6723,768,5955,8721,15444
15039,1100,13939,6470,21509
6299,2694,3605,10630,16929
3018,451,2567,5007,8025
18025,9977,8048,4798,22823
8549,3715,4834,5040,13589
16400,9823,6577,13185,29585
15766,7918,7848,7159,22925
13933,4308,9625,1691,15624
7508,2314,5194,570,8078
17233,14198,3035,14620,31853
3765,2289,1476,3530,7295
21174,10686,10488,1561,22735
15260,7110,8150,14775,30035
10777,5626,5151,12019,22796
18901,5252,13649,997,19898
19430,12219,7211,4554,23984
13671,11396,2275,8061,21732
16345,14970,1375,14855,31200
15721,6645,9076,1353,17074
20423,13332,7091,14254,34677
25469,14381,11088,5465,30934
3207,267,2940,3622,6829
28610,14979,13631,7487,36097
11845,8687,3158,5398,17243
27269,12978,14291,4253,31522
22779,12664,10115,4226,27005
8618,2150,6468,12234,20852
14594,8033,6561,8946,23540
24530,9747,14783,14595,39125
5897,1812,4085,1149,7046
2931,2780,151,12956,15887
3768,218,3550,10398,14166
20276,11187,9089,14913,35189
23116,8334,14782,9278,32394
22287,7620,14667,13439,35726
8954,4343,4611,13861,22815
5356,793,4563,6332,11688
8250,2134,6116,14095,22345
28782,14211,14571,5473,34255
17209,12374,4835,3279,20488
12432,2883,9549,4457,16889
18809,6079,12730,8286,27095
14966,1466,13500,1739,16705
8141,3391,4750,14201,22342
11202,5909,5293,9188,20390
22564,12741,9823,6277,28841
20002,14067,5935,1976,21978
24189,13738,10451,1799,25988
2185,1262,923,13830,16015
11105,3547,7558,8229,19334
8014,3925,4089,5271,13285
21925,14451,7474,2108,24033
14747,7366,7381,8032,22779
8013,3775,4238,14603,22616
2653,734,1919,5654,8307
12531,5026,7505,11621,24152
19210,10917,8293,13213,32423
10370,6796,3574,915,11285
8729,8334,395,11163,19892
19731,6750,12981,7278,27009
16230,7858,8372,4794,21024
16426,4069,12357,6683,23109
20019,13899,6120,14001,34020
24308,11413,12895,3158,27466
11379,11237,142,4151,15530
14491,550,13941,7626,22117
14004,4725,9279,3529,17533
16247,4417,11830,8012,24259
11998,11801,197,7150,19148
1739,1610,129,5328,7067
24005,11372,12633,9244,33249
1555,609,946,12057,13612
18337,4697,13640,8578,26915
16070,11180,4890,8304,24374
16050,3932,12118,11243,27293
10701,6140,4561,3080,13781
11358,8846,2512,4826,16184
16241,12367,3874,7241,23482
4040,1320,2720,12912,16952
15806,2062,13744,1869,17675
18647,6903,11744,10154,28801
24587,12793,11794,9605,34192
12730,1492,11238,7478,20208
13779,8553,5226,1413,15192
19220,4758,14462,3262,22482
8620,2402,6218,4020,12640
25393,11162,14231,1562,26955
5234,4630,604,5095,10329
8956,4719,4237,2119,11075
17335,3418,13917,12522,29857
18411,7909,10502,1403,19814
17134,5271,11863,166,17300
10131,8811,1320,10295,20426
14480,1015,13465,14331,28811
10480,6319,4161,8125,18605
11898,11428,470,12115,24013
12800,10770,2030,6157,18957
15703,14834,869,9957,25660
9557,5226,4331,4471,14028
27764,14523,13241,14833,42597
25529,13202,12327,3142,28671
13159,7609,5550,12514,25673
7170,5525,1645,3566,10736
21619,13241,8378,436,22055
21104,6554,14550,11748,32852
22820,8505,14315,14441,37261
4942,3530,1412,14629,19571
15084,4604,10480,12742,27826
4984,4627,357,8847,13831
16905,13978,2927,1384,18289
17361,13799,3562,13295,30656
9096,4681,4415,9882,18978
5780,2907,2873,12117,17897
14673,7636,7037,9059,23732
11262,1110,10152,9874,21136
10337,6036,4301,2121,12458
23939,12257,11682,205,24144
7856,210,7646,3891,11747
25944,14505,11439,3263,29207
4508,3007,1501,5130,9638
10730,4015,6715,3400,14130
21409,9958,11451,14848,36257
6412,5693,719,4381,10793
6904,6305,599,14315,21219
7637,320,7317,14319,21956
15051,72,14979,333,15384
8279,4940,3339,13549,21828
9329,7721,1608,9,9338
24799,11465,13334,5969,30768
15220,7198,8022,11782,27002
10325,1677,8648,7229,17554
24112,11046,13066,7687,31799
24180,10279,13901,10287,34467
13429,12107,1322,8914,22343
18122,4148,13974,5180,23302
23163,8959,14204,9186,32349
22996,9949,13047,3637,26633
9654,4889,4765,2542,12196
12863,8932,3931,6352,19215
20026,9938,10088,14027,34053
16925,13454,3471,2119,19044
12373,3220,9153,13270,25643
12718,5144,7574,11423,24141
23708,10866,12842,12508,36216
14751,13232,1519,1140,15891
12474,11249,1225,8335,20809
24137,12423,11714,12703,36840
12342,6070,6272,8223,20565
11707,4308,7399,5182,16889
19154,7009,12145,6135,25289
11193,4692,6501,12831,24024
10528,7245,3283,3007,13535
23239,12935,10304,14395,37634
14537,1104,13433,3884,18421
18405,7201,11204,12141,30546
15803,13695,2108,11646,27449
27044,12952,14092,8931,35975
23222,10011,13211,10473,33695
11875,5287,6588,7789,19664
11877,8875,3002,12753,24630
12305,3832,8473,3650,15955
13995,5968,8027,12417,26412
11117,9263,1854,8529,19646
14638,2485,12153,12302,26940
26439,13820,12619,7448,33887
22121,9707,12414,6503,28624
11098,4250,6848,13395,24493
15068,6754,8314,14358,29426
18925,8734,10191,13836,32761
11823,10209,1614,3697,15520
679,116,563,4795,5474
22748,8497,14251,9705,32453
10026,4198,5828,10824,20850
25115,13679,11436,12181,37296
5378,3877,1501,4100,9478
869,606,263,2092,2961
14185,829,13356,13367,27552
18434,3587,14847,7001,25435
26915,14860,12055,11817,38732
15256,8763,6493,13539,28795
22462,14317,8145,6085,28547
11055,5197,5858,14834,25889
14066,7800,6266,1924,15990
15821,897,14924,14660,30481
16034,7233,8801,3311,19345
21032,11012,10020,9495,30527
10763,10571,192,1686,12449
22650,11675,10975,9489,32139
9411,4650,4761,6350,15761
10885,4622,6263,7726,18611
16080,12960,3120,3027,19107
5735,4657,1078,5063,10798
9695,1379,8316,2596,12291
18339,8646,9693,8902,27241
21834,8299,13535,12709,34543
17342,10448,6894,1663,19005
7644,1507,6137,2199,9843
18399,6501,11898,14099,32498
19294,6746,12548,873,20167
11541,119,11422,6460,18001
6509,5305,1204,2137,8646
13166,8558,4608,1498,14664
13780,9045,4735,1040,14820
19631,12038,7593,3193,22824
20536,9884,10652,14963,35499
6449,5148,1301,509,6958
6815,2572,4243,5360,12175
8625,225,8400,9090,17715
26745,13066,13679,5341,32086
24169,10464,13705,11667,35836
8078,1403,6675,14120,22198
17469,2928,14541,10425,27894
16510,5762,10748,11925,28435
18485,8226,10259,9832,28317
17758,8353,9405,14792,32550
12718,10811,1907,77,12795
14431,7865,6566,3037,17468
12277,10094,2183,3262,15539
6210,270,5940,4468,10678
9602,4875,4727,14493,24095
6446,3884,2562,12315,18761
8253,1914,6339,14483,22736
17969,10041,7928,11044,29013
12911,2725,10186,7046,19957
16879,2059,14820,10202,27081
21925,12532,9393,8704,30629
22546,12926,9620,7145,29691
15177,14230,947,2434,17611
22123,14285,7838,4625,26748
21667,14061,7606,5106,26773
14933,14136,797,12836,27769
15038,3438,11600,4569,19607
24892,14601,10291,4822,29714
4245,3836,409,6042,10287
20874,13541,7333,9087,29961
12588,2181,10407,4388,16976
16151,6022,10129,4232,20383
27723,14661,13062,4937,32660
24590,13968,10622,16,24606
21552,9133,12419,4964,26516
10624,1237,9387,8370,18994
22869,11792,11077,9959,32828
22915,14620,8295,12566,35481
18256,13900,4356,13096,31352
17659,5854,11805,12597,30256
17714,10375,7339,130,17844
6285,5204,1081,4670,10955
22330,8010,14320,4114,26444
20560,7527,13033,2428,22988
8721,4548,4173,14663,23384
18801,6880,11921,2489,21290
18954,14354,4600,1697,20651
20282,8396,11886,8889,29171
18536,13423,5113,19,18555
15068,3208,11860,6347,21415
19435,8708,10727,390,19825
8714,4133,4581,6233,14947
20659,12505,8154,9026,29685
6988,2064,4924,8160,15148
20906,11675,9231,12171,33077
17475,4989,12486,10633,28108
8882,8303,579,3109,11991
7560,3644,3916,4,7564
14234,11421,2813,8754,22988
6378,4749,1629,11793,18171
7883,1062,6821,10018,17901
25149,10395,14754,4062,29211
11602,6987,4615,5858,17460
19678,10806,8872,6150,25828
5310,343,4967,3241,8551
12655,9723,2932,12575,25230
9590,6790,2800,9031,18621
14280,9314,4966,4200,18480
26436,12923,13513,14252,40688
4369,3002,1367,13228,17597
13590,3037,10553,7125,20715
28449,14940,13509,14684,43133
3885,1872,2013,11567,15452
14269,31,14238,11871,26140
25550,14024,11526,8791,34341
11727,7818,3909,1873,13600
24320,12660,11660,13295,37615
26972,12224,14748,6442,33414
12111,9895,2216,1569,13680
10918,396,10522,6050,16968
25628,13312,12316,657,26285
19387,14819,4568,9787,29174
9390,4121,5269,7610,17000
19546,5800,13746,7334,26880
20243,14366,5877,5298,25541
22566,11187,11379,12090,34656
1927,959,968,11895,13822
18753,9536,9217,4732,23485
14784,259,14525,7749,22533
18566,9841,8725,11803,30369
4537,4130,407,8511,13048
8701,6926,1775,6077,14778
4243,4003,240,2607,6850
19614,14223,5391,3186,22800
19118,13711,5407,4306,23424
14175,1713,12462,5082,19257
18699,12633,6066,14338,33037
7043,952,6091,8201,15244
16008,5798,10210,2771,18779
4054,366,3688,8921,12975
12348,931,11417,2399,14747
12044,5880,6164,10643,22687
17093,11367,5726,5192,22285
16895,9972,6923,7109,24004
4212,1945,2267,12174,16386
8716,6366,2350,5067,13783
23102,8615,14487,12449,35551
21387,9488,11899,1157,22544
11966,11816,150,2426,14392
13661,13213,448,12274,25935
11725,396,11329,11413,23138
9089,459,8630,10303,19392
23751,13178,10573,13216,36967
9501,454,9047,6506,16007
5142,2706,2436,6270,11412
12861,3526,9335,12552,25413
4247,778,3469,14915,19162
13816,3718,10098,9200,23016
8255,1734,6521,12266,20521
19938,12093,7845,8659,28597
11843,3957,7886,2911,14754
24002,11583,12419,14433,38435
18421,13742,4679,13800,32221
24169,10366,13803,8324,32493
12749,2422,10327,2197,14946
11857,3364,8493,9480,21337
18696,11951,6745,13160,31856
18631,9553,9078,7512,26143
18845,9631,9214,9892,28737
18601,11702,6899,14853,33454
14692,4208,10484,7051,21743
14574,10709,3865,12974,27548
12650,11986,664,13166,25816
23066,10021,13045,5635,28701
5797,5003,794,11854,17651
12351,1983,10368,7558,19909
9140,6364,2776,10438,19578
26366,14418,11948,118,26484
14226,10854,3372,3202,17428
15105,11202,3903,4746,19851
28505,14341,14164,8066,36571
18549,3576,14973,3155,21704
8355,7729,626,9442,17797
12285,7454,4831,3395,15680
15691,3383,12308,241,15932
20187,12168,8019,3696,23883
5511,4659,852,8110,13621
24932,13999,10933,330,25262
8933,145,8788,12352,21285
15225,12410,2815,5194,20419
16521,9213,7308,3090,19611
22950,11154,11796,10585,33535
9550,7384,2166,1736,11286
15627,5370,10257,1991,17618
15114,1601,13513,7897,23011
16635,12115,4520,4017,20652
23987,11132,12855,5750,29737
11083,7323,3760,7576,18659
10640,4652,5988,6245,16885
5714,3255,2459,9187,14901
14036,3019,11017,11976,26012
16747,6812,9935,2519,19266
11460,11032,428,12054,23514
14800,6433,8367,3494,18294
25997,11850,14147,3804,29801
14386,114,14272,11465,25851
11313,8692,2621,4826,16139
20795,11225,9570,3053,23848
20288,14219,6069,8214,28502
16889,10862,6027,9876,26765
17311,14071,3240,6834,24145
9355,2052,7303,4757,14112
14149,13167,982,11302,25451
9935,29,9906,1584,11519
13953,7173,6780,10710,24663
19850,5856,13994,7183,27033
21823,13317,8506,8835,30658
14097,5532,8565,8823,22920
7638,955,6683,12219,19857
16138,4649,11489,14280,30418
24091,13250,10841,5197,29288
17357,10793,6564,14169,31526
10254,3560,6694,6985,17239
10974,5768,5206,13219,24193
14207,11495,2712,13827,28034
15725,14453,1272,6751,22476
15010,11062,3948,83,15093
12576,8526,4050,2933,15509
5791,5006,785,9831,15622
10704,5956,4748,6361,17065
10682,10432,250,12316,22998
27157,12419,14738,6960,34117
9570,3123,6447,2120,11690
23031,10421,12610,13966,36997
8522,814,7708,4879,13401
14489,1904,12585,2952,17441
17475,11055,6420,2966,20441
17272,8887,8385,1461,18733
11386,5738,5648,11514,22900
23294,11087,12207,5740,29034
23086,8649,14437,6940,30026
15000,3782,11218,6892,21892
27032,13770,13262,9095,36127
11927,174,11753,8483,20410
7108,5277,1831,1566,8674
16252,1692,14560,12091,28343
10811,559,10252,13513,24324
14875,10450,4425,13754,28629
8065,3336,4729,2347,10412
25965,12937,13028,6055,32020
12228,376,11852,2587,14815
18755,14754,4001,1199,19954
14969,14928,41,14171,29140
19172,10988,8184,3724,22896
18192,7940,10252,2867,21059
12162,4337,7825,12435,24597
21716,9994,11722,4080,25796
8875,7979,896,11858,20733
9795,8198,1597,168,9963
22566,7931,14635,12966,35532
23394,11119,12275,5453,28847
19377,10298,9079,6118,25495
10297,4092,6205,441,10738
17126,7705,9421,2936,20062
8075,1421,6654,2866,10941
8693,4019,4674,2504,11197
19113,6230,12883,7766,26879
13697,9587,4110,14108,27805
3592,2523,1069,1718,5310
4421,2643,1778,13536,17957
5179,2434,2745,12511,17690
7068,111,6957,14328,21396
11680,10305,1375,7213,18893
7888,2041,5847,10848,18736
7386,3421,3965,2376,9762
14721,7775,6946,7658,22379
6791,5195,1596,4430,11221
19153,8032,11121,694,19847
9220,7768,1452,2637,11857
3819,570,3249,14798,18617
22858,9392,13466,258,23116
22301,10818,11483,5776,28077
12564,7087,5477,12815,25379
11797,2980,8817,7289,19086
17341,3191,14150,11104,28445
16715,7683,9032,12621,29336
7968,1444,6524,10095,18063
8020,2143,5877,11235,19255
26723,13824,12899,6750,33473
20584,13203,7381,12494,33078
10378,3986,6392,14934,25312
13805,12475,1330,12120,25925
17284,6013,11271,2682,19966
19717,11398,8319,6731,26448
18504,9123,9381,629,19133
16050,11210,4840,7212,23262
10155,3983,6172,4914,15069
19606,5346,14260,5124,24730
8802,1950,6852,9611,18413
22127,13167,8960,9857,31984
28171,13781,14390,6971,35142
17508,9726,7782,1351,18859
18423,13322,5101,3357,21780
15091,8967,6124,634,15725
20980,8750,12230,2548,23528
19514,7062,12452,4890,24404
9908,6283,3625,11494,21402
23224,12062,11162,283,23507
14315,581,13734,13151,27466
15746,4796,10950,11632,27378
14191,13662,529,3818,18009
16600,5475,11125,8571,25171
28400,13604,14796,8226,36626
19066,7034,12032,11242,30308
6716,6597,119,1968,8684
10307,2943,7364,13079,23386
4270,1665,2605,5625,9895
21635,11721,9914,1486,23121
18748,12499,6249,10015,28763
12184,7222,4962,2386,14570
10167,5774,4393,6048,16215
22200,9089,13111,4418,26618
15532,3396,12136,9244,24776
17217,7539,9678,3368,20585
16228,7748,8480,7475,23703
13184,3633,9551,3816,17000
20060,12081,7979,899,20959
17950,13581,4369,1954,19904
15412,9834,5578,6889,22301
3854,161,3693,1170,5024
6596,4527,2069,14699,21295
22351,11813,10538,1047,23398
27440,14917,12523,14287,41727
23880,13162,10718,14213,38093
20793,6430,14363,9070,29863
13127,4993,8134,14444,27571
7276,3461,3815,9739,17015
5380,5092,288,7110,12490
12526,4084,8442,101,12627
19610,6869,12741,991,20601
14711,6791,7920,7601,22312
11218,3315,7903,9911,21129
25166,13951,11215,3837,29003
16621,7345,9276,2944,19565
2815,1013,1802,14372,17187
12903,6274,6629,11052,23955
5712,2052,3660,1816,7528
16534,10530,6004,10859,27393
24985,13275,11710,401,25386
4514,1578,2936,8621,13135
24157,13595,10562,13240,37397
21747,8199,13548,6736,28483
16887,11647,5240,6758,23645
22263,13616,8647,10446,32709
5325,3427,1898,3925,9250
22984,13570,9414,8903,31887
18251,3254,14997,8298,26549
17399,8935,8464,11389,28788
20889,9591,11298,4821,25710
17498,12457,5041,4297,21795
4368,901,3467,5783,10151
2472,846,1626,10342,12814
8328,6065,2263,14240,22568
5121,3722,1399,11108,16229
16636,7616,9020,6637,23273
19119,10390,8729,8290,27409
13311,5237,8074,14217,27528
15688,5342,10346,7499,23187
14472,3888,10584,11046,25518
27115,13360,13755,299,27414
18005,11738,6267,2626,20631
13969,13085,884,12234,26203
11669,1176,10493,5389,17058
11662,4006,7656,2710,14372
18956,6375,12581,3671,22627
12331,9356,2975,10551,22882
9028,8843,185,3760,12788
19353,5182,14171,7129,26482
4946,1194,3752,856,5802
16097,4936,11161,12499,28596
22902,8289,14613,7357,30259
11471,10309,1162,11121,22592
16602,8659,7943,8326,24928
18645,14541,4104,10773,29418
21319,14118,7201,8195,29514
14312,10694,3618,648,14960
19895,5289,14606,14552,34447
1469,627,842,11136,12605
17284,11675,5609,2125,19409
14318,14062,256,12847,27165
17121,3821,13300,427,17548
4721,4005,716,10448,15169
21840,14557,7283,1822,23662
23589,11708,11881,11577,35166
18813,8604,10209,2781,21594
17968,9058,8910,8990,26958
8591,922,7669,12339,20930
14332,6985,7347,5452,19784
12117,2471,9646,1654,13771
17659,5966,11693,10227,27886
18144,6994,11150,10120,28264
28477,13942,14535,5211,33688
16634,6997,9637,6663,23297
11370,8202,3168,5378,16748
6044,997,5047,4547,10591
13282,9452,3830,6211,19493
26486,13560,12926,9067,35553
11328,1998,9330,3489,14817
14387,10127,4260,6087,20474
14745,4953,9792,14814,29559
21726,12503,9223,10503,32229
14637,3283,11354,7811,22448
11052,6136,4916,2767,13819
15368,2555,12813,10702,26070
18056,5932,12124,9544,27600
10462,6560,3902,14410,24872
9218,6443,2775,2402,11620
21599,10885,10714,14758,36357
19655,6038,13617,6822,26477
8093,2459,5634,10380,18473
20754,7140,13614,12969,33723
6382,2940,3442,11704,18086
14634,14583,51,7793,22427
931,531,400,13461,14392
26981,13916,13065,13296,40277
2535,459,2076,9693,12228
3707,2277,1430,6404,10111
21725,14976,6749,4736,26461
13474,13004,470,10109,23583
9188,8280,908,12969,22157
11298,9340,1958,8785,20083
12696,10207,2489,14246,26942
15317,7992,7325,14110,29427
15583,13917,1666,14574,30157
25176,14962,10214,14680,39856
25444,14913,10531,13276,38720
13259,6237,7022,6533,19792
13070,11001,2069,10173,23243
12755,11496,1259,9931,22686
9917,9780,137,12553,22470
21773,11008,10765,2978,24751
15001,3860,11141,13375,28376
15469,4581,10888,10838,26307
28664,13923,14741,12764,41428
10012,8201,1811,66,10078
20429,10399,10030,8558,28987
11987,3220,8767,8712,20699
21431,6842,14589,8553,29984
12281,9521,2760,5827,18108
13503,11673,1830,3790,17293
7335,3311,4024,7636,14971
14769,2398,12371,10722,25491
6437,2483,3954,2326,8763
17372,11617,5755,1019,18391
17170,9002,8168,14156,31326
3934,3476,458,5073,9007
10853,9383,1470,14966,25819
17462,11476,5986,11945,29407
19464,10725,8739,2940,22404
4289,4152,137,14968,19257
20870,14780,6090,638,21508
4179,2920,1259,8190,12369
18828,13683,5145,5347,24175
17165,7362,9803,3295,20460
18189,11169,7020,5681,23870
12262,4432,7830,13094,25356
14095,10313,3782,14835,28930
9645,4807,4838,9861,19506
17770,11689,6081,11339,29109
7222,4472,2750,5513,12735
18216,11047,7169,14468,32684
19726,11834,7892,5132,24858
12097,5589,6508,11052,23149
23399,13482,9917,11932,35331
6615,4609,2006,12095,18710
12823,771,12052,13260,26083
19217,10356,8861,8718,27935
14569,6709,7860,6144,20713
6549,5653,896,4472,11021
10579,9902,677,13487,24066
9862,3431,6431,6743,16605
13587,5291,8296,14328,27915
10192,7213,2979,1828,12020
3963,3388,575,4198,8161
15205,13046,2159,5337,20542
9261,4408,4853,11895,21156
19491,13892,5599,7116,26607
25083,12696,12387,8005,33088
14721,288,14433,14221,28942
21785,7478,14307,1304,23089
9944,3325,6619,7943,17887
5639,5004,635,8168,13807
12648,8990,3658,10192,22840
12478,8920,3558,9767,22245
14796,14099,697,4135,18931
23531,11992,11539,10909,34440
26830,14323,12507,1020,27850
18314,5140,13174,2870,21184
6718,3522,3196,1929,8647
22605,8927,13678,12746,35351
10031,6223,3808,1496,11527
20265,8529,11736,5014,25279
16650,8746,7904,12124,28774
13539,11776,1763,2657,16196
12157,4677,7480,9210,21367
8392,8187,205,713,9105
12065,2150,9915,523,12588
19737,6762,12975,7536,27273
11632,2355,9277,13957,25589
18936,14139,4797,1849,20785
8181,5697,2484,740,8921
14585,1218,13367,4322,18907
21851,11388,10463,14400,36251
19282,11829,7453,10196,29478
24348,11474,12874,9640,33988
24700,10975,13725,7668,32368
15243,1655,13588,6833,22076
11855,11479,376,479,12334
20831,6078,14753,7902,28733
21289,13423,7866,2639,23928
7097,5329,1768,1317,8414
8620,7485,1135,1525,10145
14976,10988,3988,7492,22468
13473,1413,12060,6488,19961
17056,10233,6823,1900,18956
4109,3320,789,9871,13980
13115,4710,8405,4113,17228
3833,1568,2265,12118,15951
18520,7015,11505,12686,31206
15548,13044,2504,5156,20704
24330,11348,12982,2419,26749
9101,4974,4127,1619,10720
14247,8955,5292,9282,23529
9140,3153,5987,1789,10929
18843,6944,11899,8992,27835
6898,5792,1106,7156,14054
24423,10708,13715,11055,35478
14942,533,14409,14577,29519
3748,2503,1245,9017,12765
8475,7621,854,10615,19090
20740,12673,8067,3715,24455
8550,294,8256,7907,16457
5978,3497,2481,3010,8988
13206,1833,11373,10797,24003
5199,3107,2092,2561,7760
7974,5547,2427,2554,10528
17076,9361,7715,7077,24153
14240,7471,6769,13265,27505
5325,479,4846,12464,17789
24137,9186,14951,10733,34870
16458,13034,3424,13931,30389
3416,384,3032,7010,10426
16902,6924,9978,12736,29638
15938,11706,4232,8974,24912
13998,12024,1974,10158,24156
14397,5422,8975,3141,17538
17544,6868,10676,2749,20293
8291,1421,6870,7437,15728
24571,13548,11023,487,25058
13357,5117,8240,638,13995
12122,4585,7537,2658,14780
19095,12600,6495,2312,21407
400,222,178,10777,11177
8591,3818,4773,8786,17377
6613,3250,3363,12619,19232
20578,10339,10239,13234,33812
5285,4054,1231,8642,13927
9071,1552,7519,14733,23804
15578,10705,4873,1603,17181
8126,2388,5738,7429,15555
28421,14474,13947,2183,30604
6140,5159,981,5820,11960
12295,12195,100,1009,13304
15079,7217,7862,7956,23035
10988,5644,5344,4465,15453
16402,6343,10059,49,16451
20366,8338,12028,1273,21639
11333,8305,3028,13577,24910
15206,1729,13477,7710,22916
5576,4090,1486,7553,13129
18867,12404,6463,9739,28606
14251,6605,7646,9309,23560
20947,8906,12041,13519,34466
12425,473,11952,10498,22923
2047,1137,910,10222,12269
16936,6774,10162,1216,18152
27789,13752,14037,14056,41845
23557,8697,14860,3708,27265
1954,1672,282,1000,2954
9392,5901,3491,2876,12268
12378,12273,105,12006,24384
23056,9647,13409,11685,34741
5136,4083,1053,8638,13774
16136,9415,6721,9543,25679
17587,2778,14809,12128,29715
18254,10270,7984,5722,23976
20419,14121,6298,5344,25763
21435,14283,7152,13284,34719
24391,11073,13318,76,24467
14698,8184,6514,8124,22822
17463,5426,12037,8006,25469
17048,10527,6521,3152,20200
17204,14577,2627,3139,20343
19328,10240,9088,4061,23389
15172,2858,12314,14887,30059
11037,7366,3671,6701,17738
26295,12078,14217,4262,30557
22804,13978,8826,9375,32179
12009,316,11693,5265,17274
11703,8381,3322,11041,22744
21711,13007,8704,4673,26384
9307,7996,1311,940,10247
12969,8145,4824,998,13967
12746,4535,8211,1252,13998
19743,7236,12507,11249,30992
17944,6299,11645,8120,26064
9092,4294,4798,10205,19297
20711,6240,14471,12810,33521
8518,8495,23,10974,19492
7747,7276,471,14090,21837
21162,7136,14026,10016,31178
16951,12531,4420,4211,21162
14698,9480,5218,13295,27993
17431,9514,7917,12925,30356
6280,4437,1843,12097,18377
13443,8561,4882,10347,23790
5146,1346,3800,5876,11022
5142,2801,2341,2000,7142
28641,13738,14903,12428,41069
17243,14425,2818,5008,22251
18825,13370,5455,13257,32082
15576,3286,12290,70,15646
19806,14347,5459,12914,32720
13709,11730,1979,740,14449
22733,7943,14790,4023,26756
19194,10276,8918,884,20078
19242,13001,6241,7242,26484
15789,9463,6326,5368,21157
14656,182,14474,4652,19308
8781,83,8698,7729,16510
12504,10485,2019,6790,19294
19314,14056,5258,10150,29464
15930,9862,6068,11061,26991
19471,10003,9468,9689,29160
5372,4639,733,11643,17015
12336,4536,7800,8703,21039
29035,14509,14526,11567,40602
8796,7405,1391,8968,17764
17339,12880,4459,3369,20708
16138,10988,5150,4202,20340
17467,3837,13630,11545,29012
12518,7270,5248,13906,26424
19808,5638,14170,5520,25328
17923,5180,12743,11008,28931
10564,5157,5407,1854,12418
13802,13614,188,6618,20420
25065,14368,10697,9085,34150
15857,14358,1499,13649,29506
6641,3584,3057,9430,16071
25166,12250,12916,1878,27044
11225,8847,2378,4291,15516
8665,6146,2519,3943,12608
24821,10993,13828,7646,32467
16356,8554,7802,845,17201
17547,3906,13641,5784,23331
22282,9393,12889,7153,29435
21608,11861,9747,3958,25566
13295,5118,8177,4860,18155
20246,10909,9337,6895,27141
14878,3343,11535,431,15309
4625,829,3796,14004,18629
21267,13300,7967,4006,25273
3151,2247,904,10220,13371
14496,7546,6950,3427,17923
3488,2241,1247,3587,7075
20241,9034,11207,10038,30279
25510,13018,12492,3139,28649
14069,3909,10160,10537,24606
23759,11544,12215,5218,28977
18129,10444,7685,3755,21884
17620,2886,14734,4257,21877
17714,9699,8015,13176,30890
24833,12492,12341,6097,30930
12022,225,11797,6500,18522
12757,9598,3159,11858,24615
4516,1192,3324,1483,5999
5600,5361,239,10005,15605
3753,1746,2007,10307,14060
